
Classification Report:

              precision    recall  f1-score   support

           0       0.35      0.14      0.20       246
           1       0.33      0.51      0.40       269
           2       0.36      0.16      0.22       259
           3       0.80      0.43      0.56       258
           4       0.39      0.73      0.51       251
           5       0.00      0.00      0.00       276
           6       0.00      0.00      0.00       259
           7       0.33      0.88      0.48       277
           8       0.14      0.00      0.01       261
           9       0.00      0.00      0.00       238
          10       0.00      0.00      0.00       271
          11       0.86      0.72      0.78       265
          12       0.25      0.12      0.16       224
          13       0.52      0.18      0.27       263
          14       0.45      0.43      0.44       256
          15       0.49      0.88      0.63       249
          16       0.00      0.00      0.00       255
          17       0.71      0.78      0.74       275
          18       0.18      1.00      0.30       267
          19       0.78      0.45      0.57       262
          20       0.49      1.00      0.66       238
          21       0.80      0.50      0.62       253

    accuracy                           0.41      5672
   macro avg       0.38      0.41      0.34      5672
weighted avg       0.38      0.41      0.34      5672

Confusion Matrix:

[[ 35  37   2   3  22   0   0  20   4   0   0   2   2   5   8  29   0   2
   65   0   8   2]
 [  4 138  22   0  15   0   0  12   0   0   0   0   1   0   2  40   0   0
   35   0   0   0]
 [  1   0  41   0  57   0   0  93   0   0   0   0   0   0   0   0   0  59
    0   0   8   0]
 [  8   8   2 110  13   0   0  33   0   0   0   0   0  23   6   0   0   0
   35   0  20   0]
 [  0   0   0   0 183   0   0  48   0   0   0   0   0   0   0   0   0   0
    0   0  20   0]
 [  6  24   3   1  32   0   0 115   0   0   0   0   3   2   0  25   0   6
   59   0   0   0]
 [ 18  37   0   2  21   0   0  55   0   0   0   4   9   0   1  22   0   2
   69   8  11   0]
 [  0   0   0   0  32   0   0 245   0   0   0   0   0   0   0   0   0   0
    0   0   0   0]
 [  3  29  18  11  39   0   0   6   1   0   0   0  16   3  22  13   0   1
   72   1  21   5]
 [ 10  33  13   5  15   0   0  14   0   0   0   2   3   4   2  19   0   2
  107   0   9   0]
 [  0  30   0   0   0   0   0   0   0   0   0  22  29   0   0  21   0   0
  169   0   0   0]
 [  0   0   0   1   0   0   0  13   0   0   0 190   0   0   0   0   0   0
   61   0   0   0]
 [  0  20   0   1   3   0   0   5   0   0   0   0  26   3   0  20   0   5
  125  11   5   0]
 [  3  20   7   0  16   0   0  33   2   0   0   0   8  48   0  10   0   0
  108   0   8   0]
 [  2   6   5   0  12   0   0  11   0   0   0   0   0   0 111   0   0   0
   32   0  55  22]
 [  0   2   0   2   1   0   0  25   0   0   0   0   0   0   0 219   0   0
    0   0   0   0]
 [  9  28   0   1   6   0   0   5   0   0   0   0   7   5   4  18   0  11
  139  11   9   2]
 [  0   1   2   0   0   0   0  11   0   0   0   0   1   0   4   7   0 214
    5   2  28   0]
 [  0   0   0   0   0   0   0   0   0   0   0   0   0   0   0   0   0   0
  267   0   0   0]
 [  0   0   0   0   0   0   0   0   0   0   0   0   0   0   0   0   0   0
  143 119   0   0]
 [  0   0   0   0   0   0   0   0   0   0   0   0   0   0   0   0   0   0
    0   0 238   0]
 [  0   0   0   0   0   0   0   0   0   0   0   0   0   0  84   0   0   0
    0   0  42 127]]