
Classification Report:

              precision    recall  f1-score   support

       U-100       1.00      1.00      1.00         5
       U-101       1.00      1.00      1.00         5
       U-103       0.90      1.00      0.95         9
       U-105       0.67      0.40      0.50         5
      U-1055       1.00      1.00      1.00         9
       U-106       0.64      1.00      0.78         7
       U-107       1.00      1.00      1.00         5
       U-108       0.67      1.00      0.80         2
       U-109       0.80      1.00      0.89         4
       U-111       1.00      1.00      1.00         1
       U-123       1.00      1.00      1.00         8
       U-124       1.00      1.00      1.00        10
       U-125       1.00      1.00      1.00         2
       U-126       1.00      1.00      1.00         3
       U-128       1.00      1.00      1.00         1
       U-129       0.83      1.00      0.91         5
        U-13       0.00      0.00      0.00         1
       U-130       1.00      1.00      1.00         4
       U-132       1.00      1.00      1.00         4
       U-136       1.00      1.00      1.00         2
       U-137       1.00      1.00      1.00         1
        U-14       1.00      0.00      0.00         1
       U-140       0.00      0.00      0.00         2
       U-154       0.00      1.00      0.00         0
       U-155       1.00      1.00      1.00         5
       U-156       1.00      1.00      1.00         6
       U-158       1.00      1.00      1.00         5
       U-159       1.00      1.00      1.00         6
       U-160       1.00      1.00      1.00         5
       U-161       1.00      1.00      1.00         4
       U-162       1.00      1.00      1.00         3
       U-166       1.00      1.00      1.00         1
       U-172       1.00      1.00      1.00         5
       U-174       1.00      1.00      1.00         1
       U-176       1.00      1.00      1.00         3
       U-177       1.00      1.00      1.00         1
       U-178       1.00      0.75      0.86         4
       U-181       1.00      1.00      1.00         7
       U-182       1.00      1.00      1.00         1
       U-185       1.00      1.00      1.00         1
       U-188       1.00      1.00      1.00         3
        U-19       1.00      0.50      0.67         2
       U-198       0.67      1.00      0.80         2
        U-20       0.00      0.00      0.00         1
       U-201       1.00      0.71      0.83         7
       U-202       0.33      1.00      0.50         1
       U-203       1.00      0.00      0.00         1
       U-204       0.00      0.00      0.00         1
       U-221       1.00      1.00      1.00         3
        U-23       0.33      0.33      0.33         3
       U-238       1.00      1.00      1.00         1
        U-24       0.00      1.00      0.00         0
       U-255       0.67      0.67      0.67         3
        U-26       1.00      0.00      0.00         1
       U-262       0.00      0.00      0.00         3
       U-266       1.00      0.50      0.67         2
        U-28       1.00      1.00      1.00         3
        U-29       1.00      1.00      1.00         3
        U-30       1.00      0.67      0.80         3
       U-305       0.50      1.00      0.67         1
        U-31       1.00      0.60      0.75         5
        U-32       0.80      1.00      0.89         4
        U-33       1.00      1.00      1.00         1
        U-34       1.00      1.00      1.00         3
        U-37       1.00      1.00      1.00        12
       U-371       1.00      1.00      1.00         1
       U-372       0.00      0.00      0.00         2
       U-375       0.67      1.00      0.80         2
        U-38       0.89      1.00      0.94         8
       U-402       1.00      1.00      1.00         2
       U-404       1.00      1.00      1.00         5
       U-409       0.00      0.00      0.00         1
       U-410       1.00      0.75      0.86         4
        U-43       1.00      0.50      0.67         2
       U-431       0.00      1.00      0.00         0
       U-432       1.00      0.80      0.89         5
       U-435       1.00      1.00      1.00         1
       U-436       1.00      0.00      0.00         1
        U-44       1.00      1.00      1.00         2
       U-442       1.00      0.00      0.00         3
       U-443       0.50      1.00      0.67         1
       U-453       0.00      1.00      0.00         0
       U-456       1.00      1.00      1.00         1
        U-46       1.00      1.00      1.00         5
        U-47       1.00      1.00      1.00         3
        U-48       1.00      1.00      1.00        11
       U-480       1.00      1.00      1.00         1
       U-481       1.00      1.00      1.00         1
       U-482       1.00      0.50      0.67         2
        U-50       0.50      0.50      0.50         2
       U-502       1.00      1.00      1.00         2
       U-504       1.00      1.00      1.00         2
       U-505       1.00      1.00      1.00         3
       U-506       1.00      1.00      1.00         1
       U-507       1.00      1.00      1.00         3
       U-508       1.00      1.00      1.00         2
       U-509       0.00      1.00      0.00         0
        U-51       1.00      0.33      0.50         3
       U-510       1.00      1.00      1.00         1
       U-511       0.00      0.00      0.00         1
       U-513       0.00      1.00      0.00         0
       U-514       0.00      0.00      0.00         2
       U-515       1.00      1.00      1.00         6
       U-516       1.00      1.00      1.00         4
       U-518       1.00      1.00      1.00         1
        U-52       1.00      1.00      1.00         5
       U-521       0.00      0.00      0.00         1
        U-53       0.00      1.00      0.00         0
       U-532       1.00      1.00      1.00         3
        U-55       1.00      1.00      1.00         3
       U-552       0.89      1.00      0.94         8
       U-553       1.00      1.00      1.00         4
       U-556       0.00      1.00      0.00         0
       U-557       1.00      1.00      1.00         1
       U-558       1.00      1.00      1.00         3
       U-559       1.00      1.00      1.00         1
       U-561       1.00      0.00      0.00         1
       U-564       1.00      1.00      1.00         4
       U-566       0.00      1.00      0.00         0
        U-57       1.00      1.00      1.00         2
       U-571       1.00      1.00      1.00         1
       U-572       1.00      0.00      0.00         1
       U-575       0.50      1.00      0.67         1
        U-58       0.00      0.00      0.00         3
       U-584       1.00      0.00      0.00         1
       U-587       1.00      0.33      0.50         3
       U-588       1.00      1.00      1.00         2
        U-59       1.00      1.00      1.00         2
       U-596       1.00      0.67      0.80         6
       U-600       0.00      0.00      0.00         1
       U-601       1.00      1.00      1.00         1
       U-604       0.50      0.33      0.40         3
        U-61       1.00      0.00      0.00         4
       U-610       1.00      1.00      1.00         1
       U-615       0.00      0.00      0.00         2
       U-617       1.00      1.00      1.00         2
       U-621       1.00      0.00      0.00         2
       U-624       1.00      1.00      1.00         1
        U-65       1.00      1.00      1.00         1
       U-654       0.00      1.00      0.00         0
        U-66       1.00      0.71      0.83         7
        U-67       1.00      1.00      1.00         2
        U-68       1.00      1.00      1.00         5
        U-69       1.00      1.00      1.00         4
       U-703       0.00      0.00      0.00         3
        U-71       1.00      1.00      1.00         1
        U-73       0.50      0.75      0.60         4
        U-74       1.00      1.00      1.00         2
        U-75       0.50      1.00      0.67         1
       U-752       1.00      1.00      1.00         2
       U-754       1.00      1.00      1.00         3
        U-77       0.00      0.00      0.00         1
        U-81       0.88      1.00      0.93         7
        U-82       1.00      1.00      1.00         4
        U-83       0.50      0.50      0.50         2
        U-84       1.00      0.50      0.67         2
       U-862       1.00      1.00      1.00         1
        U-87       0.00      1.00      0.00         0
        U-89       1.00      0.00      0.00         1
         U-9       0.50      1.00      0.67         2
        U-91       1.00      1.00      1.00         1
        U-93       1.00      1.00      1.00         1
        U-94       0.86      1.00      0.92         6
        U-95       1.00      0.75      0.86         4
       U-957       0.00      1.00      0.00         0
        U-96       0.80      1.00      0.89         4
        U-97       0.80      1.00      0.89         4
        U-99       0.88      1.00      0.93         7
          UA       0.50      1.00      0.67         1

    accuracy                           0.84       476
   macro avg       0.78      0.79      0.70       476
weighted avg       0.89      0.84      0.84       476
