
Classification Report:

              precision    recall  f1-score   support

           0       0.74      0.76      0.75       246
           1       1.00      1.00      1.00       269
           2       1.00      1.00      1.00       259
           3       1.00      1.00      1.00       258
           4       1.00      1.00      1.00       251
           5       0.99      0.97      0.98       276
           6       0.92      0.85      0.88       259
           7       1.00      1.00      1.00       277
           8       0.98      0.98      0.98       261
           9       0.98      0.93      0.96       238
          10       1.00      1.00      1.00       271
          11       1.00      1.00      1.00       265
          12       0.99      0.97      0.98       224
          13       1.00      0.99      0.99       263
          14       1.00      0.99      1.00       256
          15       1.00      1.00      1.00       249
          16       0.82      0.92      0.87       255
          17       0.99      1.00      1.00       275
          18       1.00      1.00      1.00       267
          19       0.98      0.99      0.99       262
          20       0.99      1.00      1.00       238
          21       1.00      1.00      1.00       253

    accuracy                           0.97      5672
   macro avg       0.97      0.97      0.97      5672
weighted avg       0.97      0.97      0.97      5672

Confusion Matrix:

[[188   0   0   0   1   2  13   1   3   4   0   0   1   0   0   1  30   1
    1   0   0   0]
 [  0 268   0   0   0   0   0   0   0   0   0   0   0   0   0   0   1   0
    0   0   0   0]
 [  1   0 258   0   0   0   0   0   0   0   0   0   0   0   0   0   0   0
    0   0   0   0]
 [  1   0   0 257   0   0   0   0   0   0   0   0   0   0   0   0   0   0
    0   0   0   0]
 [  0   0   0   0 251   0   0   0   0   0   0   0   0   0   0   0   0   0
    0   0   0   0]
 [  8   0   0   0   0 267   0   0   0   0   0   0   0   0   0   0   1   0
    0   0   0   0]
 [ 26   0   0   0   0   1 220   0   1   0   0   0   1   0   0   0   8   0
    0   2   0   0]
 [  0   0   0   0   0   0   0 277   0   0   0   0   0   0   0   0   0   0
    0   0   0   0]
 [  4   0   0   0   0   0   0   0 256   0   0   0   0   0   0   0   1   0
    0   0   0   0]
 [ 10   0   0   0   0   0   1   0   1 222   0   0   0   0   0   0   4   0
    0   0   0   0]
 [  0   0   0   0   0   0   1   0   0   0 270   0   0   0   0   0   0   0
    0   0   0   0]
 [  0   0   0   0   0   0   0   0   0   0   0 265   0   0   0   0   0   0
    0   0   0   0]
 [  1   0   0   0   0   0   1   0   1   0   0   0 218   0   0   0   3   0
    0   0   0   0]
 [  1   0   0   0   0   0   0   0   0   0   0   0   0 261   0   0   0   1
    0   0   0   0]
 [  0   0   0   0   0   0   0   0   0   0   0   0   0   0 254   0   0   0
    0   0   2   0]
 [  0   0   0   0   0   0   0   0   0   0   0   0   0   0   0 249   0   0
    0   0   0   0]
 [ 13   0   0   0   0   0   3   0   0   0   0   0   1   1   0   0 235   0
    0   2   0   0]
 [  0   0   0   0   0   0   0   0   0   0   0   0   0   0   0   0   0 275
    0   0   0   0]
 [  0   0   0   0   0   0   0   0   0   0   0   0   0   0   0   0   0   0
  267   0   0   0]
 [  0   0   0   0   0   0   0   0   0   0   0   0   0   0   0   0   2   0
    0 260   0   0]
 [  0   0   0   0   0   0   0   0   0   0   0   0   0   0   0   0   0   0
    0   0 238   0]
 [  0   0   0   0   0   0   0   0   0   0   0   0   0   0   0   0   0   0
    0   0   0 253]]
AUC for each class:

Class 0, AUC = 0.99
Class 1, AUC = 1.00
Class 2, AUC = 1.00
Class 3, AUC = 1.00
Class 4, AUC = 1.00
Class 5, AUC = 1.00
Class 6, AUC = 1.00
Class 7, AUC = 1.00
Class 8, AUC = 1.00
Class 9, AUC = 1.00
Class 10, AUC = 1.00
Class 11, AUC = 1.00
Class 12, AUC = 1.00
Class 13, AUC = 1.00
Class 14, AUC = 1.00
Class 15, AUC = 1.00
Class 16, AUC = 1.00
Class 17, AUC = 1.00
Class 18, AUC = 1.00
Class 19, AUC = 1.00
Class 20, AUC = 1.00
Class 21, AUC = 1.00
